* LIGAND DATABASE FILE (OPLS2005)
*
AS4      54    57   113     199       0
    1     0 M   CT   _C1_     6   62.591462   79.252121   80.141875
    2     1 M   CT   _C13     6    1.534388   49.205818 -166.075424
    3     1 M   CT   _C14     6    1.546327  127.941243  116.153698
    4     1 M   CT   _C15     6    1.550008   70.281673   10.597707
    5     1 M   HC   _H1_     6    1.093468  122.277783  -85.381456
    6     3 M   CT   _C2_     6    1.559684  106.850953 -147.079732
    7     6 M   CT   _C17     6    1.557304  113.606909   54.517171
    8     6 M   HC   _H2_     6    1.092730  111.107892 -179.737837
    9     6 M   HC   _H3_     6    1.091313  108.194256  -65.616768
   10     2 M   CT   _C9_     6    1.544407  105.044715 -156.426847
   11    10 M   CT   _C10     6    1.556914  106.375988    5.664454
   12    10 M   HC   _H9_     6    1.090850  111.431627 -114.079412
   13    10 M   HC   _H10     6    1.091459  108.819782  128.547623
   14    11 M   HC   _H11     6    1.090949  107.593634  -95.538514
   15     2 M   HC   _H14     6    1.089427  110.130133   82.498180
   16     2 M   HC   _H15     6    1.092253  111.111255  -36.651532
   17     4 M   CT   _C16     6    1.560915  110.167417 -177.862191
   18    17 M   CT   _C4_     6    1.581024  112.850169 -178.227343
   19    18 M   CM   _C5_     6    1.554323  108.670263  -51.908761
   20    18 M   CT   _C8_     6    1.559998  114.196152   67.193105
   21    18 M   CT   _C19     6    1.564181  108.124163 -170.212411
   22    19 M   CM   _C6_     6    1.351976  122.755421 -134.734402
   23    19 M   CT   _C20     6    1.528509  115.978325   49.821659
   24    22 M  CO4   _C7_     6    1.447955  124.327454   -3.830706
   25    22 M   HC   _H5_     6    1.078672  118.281681 -179.275902
   26    24 M    O   _O3_     6    1.223856  121.185487 -179.917817
   27    24 M   CT   _C18     6    1.526365  117.256907   -3.080588
   28    20 M   HC   _H6_     6    1.088082  111.776431 -164.438206
   29    20 M   HC   _H7_     6    1.089708  112.603711   77.327555
   30    20 M   HC   _H8_     6    1.089954  113.131668  -44.229193
   31     4 M   CT   _C21     6    1.541655  112.777239  -54.621216
   32     4 M   HC   _H16     6    1.089302  108.269036   62.968309
   33    17 M   HC   _H17     6    1.093344  103.385965   68.620440
   34     7 M   HC   _H18     6    1.088786  107.550995 -162.605589
   35    27 M   HC   _H20     6    1.089357  108.683136  153.738749
   36    27 M   HC   _H21     6    1.086957  108.232219  -89.554044
   37    21 M   HC   _H22     6    1.091174  110.493907  -73.925918
   38    21 M   HC   _H23     6    1.092247  110.039123   41.856498
   39    23 M   HC   _H24     6    1.090921  111.399688 -174.964999
   40    23 M   HC   _H25     6    1.090758  108.830484   68.614811
   41    31 M   HC   _H26     6    1.090682  110.359545  -57.787455
   42    31 M   HC   _H27     6    1.090958  109.783307   58.759201
   43     3 S  CO4   _C3_     6    1.568723  110.653101  -25.269811
   44    43 S    O   _O2_     6    1.229536  121.496217 -157.194276
   45    43 S   HC   _H4_     6    1.090305  116.026097   23.457605
   46    11 S  CO4   _C11     6    1.550350  114.055395  146.741132
   47    46 S   CT   _C12     6    1.533015  117.289580  157.191014
   48    46 S    O   _O4_     6    1.230500  121.345413  -23.319838
   49    47 S   OH   _O5_     6    1.414352  110.006396  132.486931
   50    47 S   HC   _H12     6    1.089266  107.839977 -110.442595
   51    47 S   HC   _H13     6    1.090545  111.994790    8.870546
   52    49 S   HO   _H28     6    0.968346  109.046931  -82.807148
   53     7 S   OH   _O1_     6    1.404173  108.417718   86.692966
   54    53 S   HO   _H19     6    0.961060  108.315334   40.072668
NBON
     1   3.5000   0.0660  -0.060000   1.9750   1.7500   0.005000000  -0.741685710
     2   3.5000   0.0660  -0.120000   1.9750   1.7500   0.005000000  -0.741685710
     3   3.5000   0.0660   0.000000   1.9750   1.7500   0.005000000  -0.741685710
     4   3.5000   0.0660  -0.060000   1.9750   1.7500   0.005000000  -0.741685710
     5   2.5000   0.0300   0.060000   1.4250   1.2500   0.008598240   0.268726247
     6   3.5000   0.0660  -0.120000   1.9750   1.7500   0.005000000  -0.741685710
     7   3.5000   0.0660   0.205000   1.9750   1.7500   0.005000000  -0.741685710
     8   2.5000   0.0300   0.060000   1.4250   1.2500   0.008598240   0.268726247
     9   2.5000   0.0300   0.060000   1.4250   1.2500   0.008598240   0.268726247
    10   3.5000   0.0660  -0.120000   1.9750   1.7500   0.005000000  -0.741685710
    11   3.5000   0.0660  -0.060000   1.9750   1.7500   0.005000000  -0.741685710
    12   2.5000   0.0300   0.060000   1.4250   1.2500   0.008598240   0.268726247
    13   2.5000   0.0300   0.060000   1.4250   1.2500   0.008598240   0.268726247
    14   2.4200   0.0150   0.060000   1.4250   1.2500   0.008598240   0.268726247
    15   2.5000   0.0300   0.060000   1.4250   1.2500   0.008598240   0.268726247
    16   2.5000   0.0300   0.060000   1.4250   1.2500   0.008598240   0.268726247
    17   3.5000   0.0660  -0.060000   1.9750   1.7500   0.005000000  -0.741685710
    18   3.5000   0.0660   0.000000   1.9750   1.7500   0.005000000  -0.741685710
    19   3.5500   0.0760   0.000000   2.0020   1.7750   0.023028004  -0.852763146
    20   3.5000   0.0660  -0.180000   1.9750   1.7500   0.005000000  -0.741685710
    21   3.5000   0.0660  -0.120000   1.9750   1.7500   0.005000000  -0.741685710
    22   3.5500   0.0760  -0.115000   2.0020   1.7750   0.023028004  -0.852763146
    23   3.5000   0.0660  -0.120000   1.9750   1.7500   0.005000000  -0.741685710
    24   3.7500   0.1050   0.470000   2.1120   1.8750   0.001000000  -0.126889456
    25   2.4200   0.0300   0.115000   1.4250   1.2500   0.008598240   0.268726247
    26   2.9600   0.2100  -0.470000   1.6780   1.4800   0.001000000  -0.126889456
    27   3.5000   0.0660  -0.120000   1.9750   1.7500   0.005000000  -0.741685710
    28   2.5000   0.0300   0.060000   1.4250   1.2500   0.008598240   0.268726247
    29   2.5000   0.0300   0.060000   1.4250   1.2500   0.008598240   0.268726247
    30   2.5000   0.0300   0.060000   1.4250   1.2500   0.008598240   0.268726247
    31   3.5000   0.0660  -0.120000   1.9750   1.7500   0.005000000  -0.741685710
    32   2.5000   0.0300   0.060000   1.4250   1.2500   0.008598240   0.268726247
    33   2.5000   0.0300   0.060000   1.4250   1.2500   0.008598240   0.268726247
    34   2.5000   0.0300   0.060000   1.4250   1.2500   0.008598240   0.268726247
    35   2.4200   0.0150   0.060000   1.4250   1.2500   0.008598240   0.268726247
    36   2.4200   0.0150   0.060000   1.4250   1.2500   0.008598240   0.268726247
    37   2.5000   0.0300   0.060000   1.4250   1.2500   0.008598240   0.268726247
    38   2.5000   0.0300   0.060000   1.4250   1.2500   0.008598240   0.268726247
    39   2.5000   0.0300   0.060000   1.4250   1.2500   0.008598240   0.268726247
    40   2.5000   0.0300   0.060000   1.4250   1.2500   0.008598240   0.268726247
    41   2.5000   0.0300   0.060000   1.4250   1.2500   0.008598240   0.268726247
    42   2.5000   0.0300   0.060000   1.4250   1.2500   0.008598240   0.268726247
    43   3.7500   0.1050   0.450000   2.1120   1.8750   0.001000000  -0.126889456
    44   2.9600   0.2100  -0.450000   1.6780   1.4800   0.001000000  -0.126889456
    45   2.4200   0.0150   0.000000   1.4250   1.2500   0.008598240   0.268726247
    46   3.7500   0.1050   0.470000   2.1120   1.8750   0.001000000  -0.126889456
    47   3.5000   0.0660   0.145000   1.9750   1.7500   0.005000000  -0.741685710
    48   2.9600   0.2100  -0.470000   1.6780   1.4800   0.001000000  -0.126889456
    49   3.1200   0.1700  -0.683000   1.7660   1.5600   0.021068034  -0.322181743
    50   2.4200   0.0150   0.060000   1.4250   1.2500   0.008598240   0.268726247
    51   2.4200   0.0150   0.060000   1.4250   1.2500   0.008598240   0.268726247
    52   0.5000   0.0300   0.418000   0.9960   0.8600   0.030040813  -0.651083722
    53   3.1200   0.1700  -0.683000   1.7660   1.5600   0.021068034  -0.322181743
    54   0.5000   0.0300   0.418000   0.9960   0.8600   0.030040813  -0.651083722
BOND
     1     2   268.000  1.529
     1     3   268.000  1.529
     1     4   268.000  1.529
     1     5   340.000  1.090
     6     3   268.000  1.529
     6     7   268.000  1.529
     6     8   340.000  1.090
     6     9   340.000  1.090
    43     3   317.000  1.522
    43    44   570.000  1.229
    43    45   340.000  1.090
    18    19   317.000  1.510
    18    20   268.000  1.529
    18    17   268.000  1.529
    18    21   268.000  1.529
    19    22   549.000  1.340
    19    23   317.000  1.510
    22    24   320.000  1.462
    22    25   340.000  1.080
    24    26   570.000  1.229
    24    27   317.000  1.522
    20    28   340.000  1.090
    20    29   340.000  1.090
    20    30   340.000  1.090
    10    11   268.000  1.529
    10     2   268.000  1.529
    10    12   340.000  1.090
    10    13   340.000  1.090
    11    46   317.000  1.522
    11     3   268.000  1.529
    11    14   340.000  1.090
    46    47   317.000  1.522
    46    48   570.000  1.229
    47    49   320.000  1.410
    47    50   340.000  1.090
    47    51   340.000  1.090
     2    15   340.000  1.090
     2    16   340.000  1.090
     4    17   268.000  1.529
     4    31   268.000  1.529
     4    32   340.000  1.090
    17     7   268.000  1.529
    17    33   340.000  1.090
     7    53   320.000  1.410
     7    34   340.000  1.090
    53    54   553.000  0.945
    27    21   268.000  1.529
    27    35   340.000  1.090
    27    36   340.000  1.090
    21    37   340.000  1.090
    21    38   340.000  1.090
    23    31   268.000  1.529
    23    39   340.000  1.090
    23    40   340.000  1.090
    31    41   340.000  1.090
    31    42   340.000  1.090
    49    52   553.000  0.945
THET
     2     1     3    58.35000  112.70000
     2     1     4    58.35000  112.70000
     2     1     5    37.50000  110.70000
     3     1     4    58.35000  112.70000
     3     1     5    37.50000  110.70000
     4     1     5    37.50000  110.70000
     3     6     7    58.35000  112.70000
     3     6     8    37.50000  110.70000
     3     6     9    37.50000  110.70000
     7     6     8    37.50000  110.70000
     7     6     9    37.50000  110.70000
     8     6     9    33.00000  107.80000
     3    43    44    80.00000  120.40000
     3    43    45    35.00000  115.00000
    44    43    45    35.00000  123.00000
    19    18    20    70.00000  112.02700
    19    18    17    70.00000  112.02700
    19    18    21    70.00000  112.02700
    20    18    17    58.35000  112.70000
    20    18    21    58.35000  112.70000
    17    18    21    58.35000  112.70000
    18    19    22    70.00000  124.00000
    18    19    23    65.00000  117.92700
    22    19    23    70.00000  124.00000
    19    22    24    65.00000  118.96000
    19    22    25    35.00000  120.00000
    24    22    25    40.00000  117.72500
    22    24    26    80.00000  123.72100
    22    24    27    65.00000  118.62400
    26    24    27    80.00000  120.40000
    18    20    28    37.50000  110.70000
    18    20    29    37.50000  110.70000
    18    20    30    37.50000  110.70000
    28    20    29    33.00000  107.80000
    28    20    30    33.00000  107.80000
    29    20    30    33.00000  107.80000
    11    10     2    58.35000  112.70000
    11    10    12    37.50000  110.70000
    11    10    13    37.50000  110.70000
     2    10    12    37.50000  110.70000
     2    10    13    37.50000  110.70000
    12    10    13    33.00000  107.80000
    10    11    46    63.00000  111.10000
    10    11     3    58.35000  112.70000
    10    11    14    37.50000  110.70000
    46    11     3    63.00000  111.10000
    46    11    14    35.00000  109.50000
     3    11    14    37.50000  110.70000
    11    46    47    70.00000  116.00000
    11    46    48    80.00000  120.40000
    47    46    48    80.00000  120.40000
    46    47    49    90.00000  109.61100
    46    47    50    35.00000  109.50000
    46    47    51    35.00000  109.50000
    49    47    50    35.00000  109.50000
    49    47    51    35.00000  109.50000
    50    47    51    33.00000  107.80000
     1     2    10    58.35000  112.70000
     1     2    15    37.50000  110.70000
     1     2    16    37.50000  110.70000
    10     2    15    37.50000  110.70000
    10     2    16    37.50000  110.70000
    15     2    16    33.00000  107.80000
     1     3     6    58.35000  112.70000
     1     3    43    63.00000  111.10000
     1     3    11    58.35000  112.70000
     6     3    43    63.00000  111.10000
     6     3    11    58.35000  112.70000
    43     3    11    63.00000  111.10000
     1     4    17    58.35000  112.70000
     1     4    31    58.35000  112.70000
     1     4    32    37.50000  110.70000
    17     4    31    58.35000  112.70000
    17     4    32    37.50000  110.70000
    31     4    32    37.50000  110.70000
    18    17     4    58.35000  112.70000
    18    17     7    58.35000  112.70000
    18    17    33    37.50000  110.70000
     4    17     7    58.35000  112.70000
     4    17    33    37.50000  110.70000
     7    17    33    37.50000  110.70000
     6     7    17    58.35000  112.70000
     6     7    53    50.00000  109.50000
     6     7    34    37.50000  110.70000
    17     7    53    50.00000  109.50000
    17     7    34    37.50000  110.70000
    53     7    34    35.00000  109.50000
     7    53    54    55.00000  108.50000
    24    27    21    63.00000  111.10000
    24    27    35    35.00000  109.50000
    24    27    36    35.00000  109.50000
    21    27    35    37.50000  110.70000
    21    27    36    37.50000  110.70000
    35    27    36    33.00000  107.80000
    18    21    27    58.35000  112.70000
    18    21    37    37.50000  110.70000
    18    21    38    37.50000  110.70000
    27    21    37    37.50000  110.70000
    27    21    38    37.50000  110.70000
    37    21    38    33.00000  107.80000
    19    23    31    70.00000  112.02700
    19    23    39    35.00000  109.50000
    19    23    40    35.00000  109.50000
    31    23    39    37.50000  110.70000
    31    23    40    37.50000  110.70000
    39    23    40    33.00000  107.80000
     4    31    23    58.35000  112.70000
     4    31    41    37.50000  110.70000
     4    31    42    37.50000  110.70000
    23    31    41    37.50000  110.70000
    23    31    42    37.50000  110.70000
    41    31    42    33.00000  107.80000
    47    49    52    55.00000  108.50000
PHI
    3     1    -2    10   0.56750  1.0 1.0
    3     1    -2    10  -0.07550 -1.0 2.0
    3     1    -2    10   0.20000  1.0 3.0
    3     1    -2    10   0.00000 -1.0 4.0
    3     1     2    15   0.00000  1.0 1.0
    3     1     2    15   0.00000 -1.0 2.0
    3     1     2    15   0.15000  1.0 3.0
    3     1     2    15   0.00000 -1.0 4.0
    3     1     2    16   0.00000  1.0 1.0
    3     1     2    16   0.00000 -1.0 2.0
    3     1     2    16   0.15000  1.0 3.0
    3     1     2    16   0.00000 -1.0 4.0
    4     1     2    10   0.56750  1.0 1.0
    4     1     2    10  -0.07550 -1.0 2.0
    4     1     2    10   0.20000  1.0 3.0
    4     1     2    10   0.00000 -1.0 4.0
    4     1     2    15   0.00000  1.0 1.0
    4     1     2    15   0.00000 -1.0 2.0
    4     1     2    15   0.15000  1.0 3.0
    4     1     2    15   0.00000 -1.0 4.0
    4     1     2    16   0.00000  1.0 1.0
    4     1     2    16   0.00000 -1.0 2.0
    4     1     2    16   0.15000  1.0 3.0
    4     1     2    16   0.00000 -1.0 4.0
    5     1     2    10   0.00000  1.0 1.0
    5     1     2    10   0.00000 -1.0 2.0
    5     1     2    10   0.15000  1.0 3.0
    5     1     2    10   0.00000 -1.0 4.0
    5     1     2    15   0.00000  1.0 1.0
    5     1     2    15   0.00000 -1.0 2.0
    5     1     2    15   0.15000  1.0 3.0
    5     1     2    15   0.00000 -1.0 4.0
    5     1     2    16   0.00000  1.0 1.0
    5     1     2    16   0.00000 -1.0 2.0
    5     1     2    16   0.15000  1.0 3.0
    5     1     2    16   0.00000 -1.0 4.0
    2     1     3     6   0.56750  1.0 1.0
    2     1     3     6  -0.07550 -1.0 2.0
    2     1     3     6   0.20000  1.0 3.0
    2     1     3     6   0.00000 -1.0 4.0
    2     1     3    43  -0.95700  1.0 1.0
    2     1     3    43  -0.18200 -1.0 2.0
    2     1     3    43   0.29450  1.0 3.0
    2     1     3    43   0.00000 -1.0 4.0
    2     1    -3    11   0.56750  1.0 1.0
    2     1    -3    11  -0.07550 -1.0 2.0
    2     1    -3    11   0.20000  1.0 3.0
    2     1    -3    11   0.00000 -1.0 4.0
    4     1     3     6   0.56750  1.0 1.0
    4     1     3     6  -0.07550 -1.0 2.0
    4     1     3     6   0.20000  1.0 3.0
    4     1     3     6   0.00000 -1.0 4.0
    4     1     3    43  -0.95700  1.0 1.0
    4     1     3    43  -0.18200 -1.0 2.0
    4     1     3    43   0.29450  1.0 3.0
    4     1     3    43   0.00000 -1.0 4.0
    4     1     3    11   0.56750  1.0 1.0
    4     1     3    11  -0.07550 -1.0 2.0
    4     1     3    11   0.20000  1.0 3.0
    4     1     3    11   0.00000 -1.0 4.0
    5     1     3     6   0.00000  1.0 1.0
    5     1     3     6   0.00000 -1.0 2.0
    5     1     3     6   0.15000  1.0 3.0
    5     1     3     6   0.00000 -1.0 4.0
    5     1     3    43   0.00000  1.0 1.0
    5     1     3    43   0.00000 -1.0 2.0
    5     1     3    43  -0.11250  1.0 3.0
    5     1     3    43   0.00000 -1.0 4.0
    5     1     3    11   0.00000  1.0 1.0
    5     1     3    11   0.00000 -1.0 2.0
    5     1     3    11   0.15000  1.0 3.0
    5     1     3    11   0.00000 -1.0 4.0
    2     1     4    17   0.56750  1.0 1.0
    2     1     4    17  -0.07550 -1.0 2.0
    2     1     4    17   0.20000  1.0 3.0
    2     1     4    17   0.00000 -1.0 4.0
    2     1     4    31   0.56750  1.0 1.0
    2     1     4    31  -0.07550 -1.0 2.0
    2     1     4    31   0.20000  1.0 3.0
    2     1     4    31   0.00000 -1.0 4.0
    2     1     4    32   0.00000  1.0 1.0
    2     1     4    32   0.00000 -1.0 2.0
    2     1     4    32   0.15000  1.0 3.0
    2     1     4    32   0.00000 -1.0 4.0
    3     1     4    17   0.56750  1.0 1.0
    3     1     4    17  -0.07550 -1.0 2.0
    3     1     4    17   0.20000  1.0 3.0
    3     1     4    17   0.00000 -1.0 4.0
    3     1     4    31   0.56750  1.0 1.0
    3     1     4    31  -0.07550 -1.0 2.0
    3     1     4    31   0.20000  1.0 3.0
    3     1     4    31   0.00000 -1.0 4.0
    3     1     4    32   0.00000  1.0 1.0
    3     1     4    32   0.00000 -1.0 2.0
    3     1     4    32   0.15000  1.0 3.0
    3     1     4    32   0.00000 -1.0 4.0
    5     1     4    17   0.00000  1.0 1.0
    5     1     4    17   0.00000 -1.0 2.0
    5     1     4    17   0.15000  1.0 3.0
    5     1     4    17   0.00000 -1.0 4.0
    5     1     4    31   0.00000  1.0 1.0
    5     1     4    31   0.00000 -1.0 2.0
    5     1     4    31   0.15000  1.0 3.0
    5     1     4    31   0.00000 -1.0 4.0
    5     1     4    32   0.00000  1.0 1.0
    5     1     4    32   0.00000 -1.0 2.0
    5     1     4    32   0.15000  1.0 3.0
    5     1     4    32   0.00000 -1.0 4.0
    7     6     3     1   0.56750  1.0 1.0
    7     6     3     1  -0.07550 -1.0 2.0
    7     6     3     1   0.20000  1.0 3.0
    7     6     3     1   0.00000 -1.0 4.0
    7     6     3    43  -0.95700  1.0 1.0
    7     6     3    43  -0.18200 -1.0 2.0
    7     6     3    43   0.29450  1.0 3.0
    7     6     3    43   0.00000 -1.0 4.0
    7     6     3    11   0.56750  1.0 1.0
    7     6     3    11  -0.07550 -1.0 2.0
    7     6     3    11   0.20000  1.0 3.0
    7     6     3    11   0.00000 -1.0 4.0
    8     6     3     1   0.00000  1.0 1.0
    8     6     3     1   0.00000 -1.0 2.0
    8     6     3     1   0.15000  1.0 3.0
    8     6     3     1   0.00000 -1.0 4.0
    8     6     3    43   0.00000  1.0 1.0
    8     6     3    43   0.00000 -1.0 2.0
    8     6     3    43  -0.11250  1.0 3.0
    8     6     3    43   0.00000 -1.0 4.0
    8     6     3    11   0.00000  1.0 1.0
    8     6     3    11   0.00000 -1.0 2.0
    8     6     3    11   0.15000  1.0 3.0
    8     6     3    11   0.00000 -1.0 4.0
    9     6     3     1   0.00000  1.0 1.0
    9     6     3     1   0.00000 -1.0 2.0
    9     6     3     1   0.15000  1.0 3.0
    9     6     3     1   0.00000 -1.0 4.0
    9     6     3    43   0.00000  1.0 1.0
    9     6     3    43   0.00000 -1.0 2.0
    9     6     3    43  -0.11250  1.0 3.0
    9     6     3    43   0.00000 -1.0 4.0
    9     6     3    11   0.00000  1.0 1.0
    9     6     3    11   0.00000 -1.0 2.0
    9     6     3    11   0.15000  1.0 3.0
    9     6     3    11   0.00000 -1.0 4.0
    3     6    -7    17   0.56750  1.0 1.0
    3     6    -7    17  -0.07550 -1.0 2.0
    3     6    -7    17   0.20000  1.0 3.0
    3     6    -7    17   0.00000 -1.0 4.0
    3     6     7    53   0.86500  1.0 1.0
    3     6     7    53  -0.17500 -1.0 2.0
    3     6     7    53   0.20800  1.0 3.0
    3     6     7    53   0.00000 -1.0 4.0
    3     6     7    34   0.00000  1.0 1.0
    3     6     7    34   0.00000 -1.0 2.0
    3     6     7    34   0.15000  1.0 3.0
    3     6     7    34   0.00000 -1.0 4.0
    8     6     7    17   0.00000  1.0 1.0
    8     6     7    17   0.00000 -1.0 2.0
    8     6     7    17   0.15000  1.0 3.0
    8     6     7    17   0.00000 -1.0 4.0
    8     6     7    53   0.00000  1.0 1.0
    8     6     7    53   0.00000 -1.0 2.0
    8     6     7    53   0.23400  1.0 3.0
    8     6     7    53   0.00000 -1.0 4.0
    8     6     7    34   0.00000  1.0 1.0
    8     6     7    34   0.00000 -1.0 2.0
    8     6     7    34   0.15000  1.0 3.0
    8     6     7    34   0.00000 -1.0 4.0
    9     6     7    17   0.00000  1.0 1.0
    9     6     7    17   0.00000 -1.0 2.0
    9     6     7    17   0.15000  1.0 3.0
    9     6     7    17   0.00000 -1.0 4.0
    9     6     7    53   0.00000  1.0 1.0
    9     6     7    53   0.00000 -1.0 2.0
    9     6     7    53   0.23400  1.0 3.0
    9     6     7    53   0.00000 -1.0 4.0
    9     6     7    34   0.00000  1.0 1.0
    9     6     7    34   0.00000 -1.0 2.0
    9     6     7    34   0.15000  1.0 3.0
    9     6     7    34   0.00000 -1.0 4.0
   44    43     3     1   0.00000  1.0 1.0
   44    43     3     1   0.30150 -1.0 2.0
   44    43     3     1   0.00000  1.0 3.0
   44    43     3     1   0.00000 -1.0 4.0
   44    43     3     6   0.00000  1.0 1.0
   44    43     3     6   0.30150 -1.0 2.0
   44    43     3     6   0.00000  1.0 3.0
   44    43     3     6   0.00000 -1.0 4.0
   44    43     3    11   0.00000  1.0 1.0
   44    43     3    11   0.30150 -1.0 2.0
   44    43     3    11   0.00000  1.0 3.0
   44    43     3    11   0.00000 -1.0 4.0
   45    43     3     1   0.74550  1.0 1.0
   45    43     3     1  -0.00500 -1.0 2.0
   45    43     3     1   0.00000  1.0 3.0
   45    43     3     1   0.00000 -1.0 4.0
   45    43     3     6   0.74550  1.0 1.0
   45    43     3     6  -0.00500 -1.0 2.0
   45    43     3     6   0.00000  1.0 3.0
   45    43     3     6   0.00000 -1.0 4.0
   45    43     3    11   0.74550  1.0 1.0
   45    43     3    11  -0.00500 -1.0 2.0
   45    43     3    11   0.00000  1.0 3.0
   45    43     3    11   0.00000 -1.0 4.0
   20    18    19    22   0.09850  1.0 1.0
   20    18    19    22   0.15250 -1.0 2.0
   20    18    19    22  -0.50650  1.0 3.0
   20    18    19    22   0.00000 -1.0 4.0
   20    18    19    23   0.46850  1.0 1.0
   20    18    19    23   0.08550 -1.0 2.0
   20    18    19    23   0.09800  1.0 3.0
   20    18    19    23   0.00000 -1.0 4.0
   17    18    19    22   0.09850  1.0 1.0
   17    18    19    22   0.15250 -1.0 2.0
   17    18    19    22  -0.50650  1.0 3.0
   17    18    19    22   0.00000 -1.0 4.0
   17    18    19    23   0.46850  1.0 1.0
   17    18    19    23   0.08550 -1.0 2.0
   17    18    19    23   0.09800  1.0 3.0
   17    18    19    23   0.00000 -1.0 4.0
   21    18    19    22   0.09850  1.0 1.0
   21    18    19    22   0.15250 -1.0 2.0
   21    18    19    22  -0.50650  1.0 3.0
   21    18    19    22   0.00000 -1.0 4.0
   21    18    19    23   0.46850  1.0 1.0
   21    18    19    23   0.08550 -1.0 2.0
   21    18    19    23   0.09800  1.0 3.0
   21    18    19    23   0.00000 -1.0 4.0
   19    18    20    28   0.00000  1.0 1.0
   19    18    20    28   0.00000 -1.0 2.0
   19    18    20    28   0.15000  1.0 3.0
   19    18    20    28   0.00000 -1.0 4.0
   19    18    20    29   0.00000  1.0 1.0
   19    18    20    29   0.00000 -1.0 2.0
   19    18    20    29   0.15000  1.0 3.0
   19    18    20    29   0.00000 -1.0 4.0
   19    18    20    30   0.00000  1.0 1.0
   19    18    20    30   0.00000 -1.0 2.0
   19    18    20    30   0.15000  1.0 3.0
   19    18    20    30   0.00000 -1.0 4.0
   17    18    20    28   0.00000  1.0 1.0
   17    18    20    28   0.00000 -1.0 2.0
   17    18    20    28   0.15000  1.0 3.0
   17    18    20    28   0.00000 -1.0 4.0
   17    18    20    29   0.00000  1.0 1.0
   17    18    20    29   0.00000 -1.0 2.0
   17    18    20    29   0.15000  1.0 3.0
   17    18    20    29   0.00000 -1.0 4.0
   17    18    20    30   0.00000  1.0 1.0
   17    18    20    30   0.00000 -1.0 2.0
   17    18    20    30   0.15000  1.0 3.0
   17    18    20    30   0.00000 -1.0 4.0
   21    18    20    28   0.00000  1.0 1.0
   21    18    20    28   0.00000 -1.0 2.0
   21    18    20    28   0.15000  1.0 3.0
   21    18    20    28   0.00000 -1.0 4.0
   21    18    20    29   0.00000  1.0 1.0
   21    18    20    29   0.00000 -1.0 2.0
   21    18    20    29   0.15000  1.0 3.0
   21    18    20    29   0.00000 -1.0 4.0
   21    18    20    30   0.00000  1.0 1.0
   21    18    20    30   0.00000 -1.0 2.0
   21    18    20    30   0.15000  1.0 3.0
   21    18    20    30   0.00000 -1.0 4.0
   19    18    17     4   0.34400  1.0 1.0
   19    18    17     4   0.09450 -1.0 2.0
   19    18    17     4   0.11100  1.0 3.0
   19    18    17     4   0.00000 -1.0 4.0
   19    18    17     7   0.34400  1.0 1.0
   19    18    17     7   0.09450 -1.0 2.0
   19    18    17     7   0.11100  1.0 3.0
   19    18    17     7   0.00000 -1.0 4.0
   19    18    17    33   0.00000  1.0 1.0
   19    18    17    33   0.00000 -1.0 2.0
   19    18    17    33   0.15000  1.0 3.0
   19    18    17    33   0.00000 -1.0 4.0
   20    18    17     4   0.56750  1.0 1.0
   20    18    17     4  -0.07550 -1.0 2.0
   20    18    17     4   0.20000  1.0 3.0
   20    18    17     4   0.00000 -1.0 4.0
   20    18    17     7   0.56750  1.0 1.0
   20    18    17     7  -0.07550 -1.0 2.0
   20    18    17     7   0.20000  1.0 3.0
   20    18    17     7   0.00000 -1.0 4.0
   20    18    17    33   0.00000  1.0 1.0
   20    18    17    33   0.00000 -1.0 2.0
   20    18    17    33   0.15000  1.0 3.0
   20    18    17    33   0.00000 -1.0 4.0
   21    18    17     4   0.56750  1.0 1.0
   21    18    17     4  -0.07550 -1.0 2.0
   21    18    17     4   0.20000  1.0 3.0
   21    18    17     4   0.00000 -1.0 4.0
   21    18    17     7   0.56750  1.0 1.0
   21    18    17     7  -0.07550 -1.0 2.0
   21    18    17     7   0.20000  1.0 3.0
   21    18    17     7   0.00000 -1.0 4.0
   21    18    17    33   0.00000  1.0 1.0
   21    18    17    33   0.00000 -1.0 2.0
   21    18    17    33   0.15000  1.0 3.0
   21    18    17    33   0.00000 -1.0 4.0
   19    18    21    27   0.34400  1.0 1.0
   19    18    21    27   0.09450 -1.0 2.0
   19    18    21    27   0.11100  1.0 3.0
   19    18    21    27   0.00000 -1.0 4.0
   19    18    21    37   0.00000  1.0 1.0
   19    18    21    37   0.00000 -1.0 2.0
   19    18    21    37   0.15000  1.0 3.0
   19    18    21    37   0.00000 -1.0 4.0
   19    18    21    38   0.00000  1.0 1.0
   19    18    21    38   0.00000 -1.0 2.0
   19    18    21    38   0.15000  1.0 3.0
   19    18    21    38   0.00000 -1.0 4.0
   20    18    21    27   0.56750  1.0 1.0
   20    18    21    27  -0.07550 -1.0 2.0
   20    18    21    27   0.20000  1.0 3.0
   20    18    21    27   0.00000 -1.0 4.0
   20    18    21    37   0.00000  1.0 1.0
   20    18    21    37   0.00000 -1.0 2.0
   20    18    21    37   0.15000  1.0 3.0
   20    18    21    37   0.00000 -1.0 4.0
   20    18    21    38   0.00000  1.0 1.0
   20    18    21    38   0.00000 -1.0 2.0
   20    18    21    38   0.15000  1.0 3.0
   20    18    21    38   0.00000 -1.0 4.0
   17    18    21    27   0.56750  1.0 1.0
   17    18    21    27  -0.07550 -1.0 2.0
   17    18    21    27   0.20000  1.0 3.0
   17    18    21    27   0.00000 -1.0 4.0
   17    18    21    37   0.00000  1.0 1.0
   17    18    21    37   0.00000 -1.0 2.0
   17    18    21    37   0.15000  1.0 3.0
   17    18    21    37   0.00000 -1.0 4.0
   17    18    21    38   0.00000  1.0 1.0
   17    18    21    38   0.00000 -1.0 2.0
   17    18    21    38   0.15000  1.0 3.0
   17    18    21    38   0.00000 -1.0 4.0
   18    19    22    24   0.00000  1.0 1.0
   18    19    22    24   7.00000 -1.0 2.0
   18    19    22    24   0.00000  1.0 3.0
   18    19    22    24   0.00000 -1.0 4.0
   18    19    22    25   0.00000  1.0 1.0
   18    19    22    25   7.00000 -1.0 2.0
   18    19    22    25   0.00000  1.0 3.0
   18    19    22    25   0.00000 -1.0 4.0
   23    19    22    24   0.00000  1.0 1.0
   23    19    22    24   7.00000 -1.0 2.0
   23    19    22    24   0.00000  1.0 3.0
   23    19    22    24   0.00000 -1.0 4.0
   23    19    22    25   0.00000  1.0 1.0
   23    19    22    25   7.00000 -1.0 2.0
   23    19    22    25   0.00000  1.0 3.0
   23    19    22    25   0.00000 -1.0 4.0
   18    19    23    31   0.46850  1.0 1.0
   18    19    23    31   0.08550 -1.0 2.0
   18    19    23    31   0.09800  1.0 3.0
   18    19    23    31   0.00000 -1.0 4.0
   18    19    23    39   0.00000  1.0 1.0
   18    19    23    39   0.00000 -1.0 2.0
   18    19    23    39   0.34800  1.0 3.0
   18    19    23    39   0.00000 -1.0 4.0
   18    19    23    40   0.00000  1.0 1.0
   18    19    23    40   0.00000 -1.0 2.0
   18    19    23    40   0.34800  1.0 3.0
   18    19    23    40   0.00000 -1.0 4.0
   22    19    23    31   0.09850  1.0 1.0
   22    19    23    31   0.15250 -1.0 2.0
   22    19    23    31  -0.50650  1.0 3.0
   22    19    23    31   0.00000 -1.0 4.0
   22    19    23    39   0.00000  1.0 1.0
   22    19    23    40   0.00000  1.0 1.0
   19    22    24    26   0.00000  1.0 1.0
   19    22    24    26   1.00000 -1.0 2.0
   19    22    24    26   0.00000  1.0 3.0
   19    22    24    26   0.00000 -1.0 4.0
   19    22   -24    27  -0.33500  1.0 1.0
   19    22   -24    27   1.06600 -1.0 2.0
   19    22   -24    27  -0.14000  1.0 3.0
   19    22   -24    27   0.00000 -1.0 4.0
   25    22    24    26   0.00000  1.0 1.0
   25    22    24    27   0.04550  1.0 1.0
   25    22    24    27   0.83000 -1.0 2.0
   25    22    24    27  -0.04000  1.0 3.0
   25    22    24    27   0.00000 -1.0 4.0
   22    24   -27    21   0.65300  1.0 1.0
   22    24   -27    21  -0.03850 -1.0 2.0
   22    24   -27    21   0.33900  1.0 3.0
   22    24   -27    21   0.00000 -1.0 4.0
   22    24    27    35   0.00000  1.0 1.0
   22    24    27    36   0.00000  1.0 1.0
   26    24    27    21   0.00000  1.0 1.0
   26    24    27    21   0.30150 -1.0 2.0
   26    24    27    21   0.00000  1.0 3.0
   26    24    27    21   0.00000 -1.0 4.0
   26    24    27    35   0.00000  1.0 1.0
   26    24    27    36   0.00000  1.0 1.0
    2    10    11    46  -0.95700  1.0 1.0
    2    10    11    46  -0.18200 -1.0 2.0
    2    10    11    46   0.29450  1.0 3.0
    2    10    11    46   0.00000 -1.0 4.0
    2    10   -11     3   0.56750  1.0 1.0
    2    10   -11     3  -0.07550 -1.0 2.0
    2    10   -11     3   0.20000  1.0 3.0
    2    10   -11     3   0.00000 -1.0 4.0
    2    10    11    14   0.00000  1.0 1.0
    2    10    11    14   0.00000 -1.0 2.0
    2    10    11    14   0.15000  1.0 3.0
    2    10    11    14   0.00000 -1.0 4.0
   12    10    11    46   0.00000  1.0 1.0
   12    10    11    46   0.00000 -1.0 2.0
   12    10    11    46  -0.11250  1.0 3.0
   12    10    11    46   0.00000 -1.0 4.0
   12    10    11     3   0.00000  1.0 1.0
   12    10    11     3   0.00000 -1.0 2.0
   12    10    11     3   0.15000  1.0 3.0
   12    10    11     3   0.00000 -1.0 4.0
   12    10    11    14   0.00000  1.0 1.0
   12    10    11    14   0.00000 -1.0 2.0
   12    10    11    14   0.15000  1.0 3.0
   12    10    11    14   0.00000 -1.0 4.0
   13    10    11    46   0.00000  1.0 1.0
   13    10    11    46   0.00000 -1.0 2.0
   13    10    11    46  -0.11250  1.0 3.0
   13    10    11    46   0.00000 -1.0 4.0
   13    10    11     3   0.00000  1.0 1.0
   13    10    11     3   0.00000 -1.0 2.0
   13    10    11     3   0.15000  1.0 3.0
   13    10    11     3   0.00000 -1.0 4.0
   13    10    11    14   0.00000  1.0 1.0
   13    10    11    14   0.00000 -1.0 2.0
   13    10    11    14   0.15000  1.0 3.0
   13    10    11    14   0.00000 -1.0 4.0
   11    10    -2     1   0.56750  1.0 1.0
   11    10    -2     1  -0.07550 -1.0 2.0
   11    10    -2     1   0.20000  1.0 3.0
   11    10    -2     1   0.00000 -1.0 4.0
   11    10     2    15   0.00000  1.0 1.0
   11    10     2    15   0.00000 -1.0 2.0
   11    10     2    15   0.15000  1.0 3.0
   11    10     2    15   0.00000 -1.0 4.0
   11    10     2    16   0.00000  1.0 1.0
   11    10     2    16   0.00000 -1.0 2.0
   11    10     2    16   0.15000  1.0 3.0
   11    10     2    16   0.00000 -1.0 4.0
   12    10     2     1   0.00000  1.0 1.0
   12    10     2     1   0.00000 -1.0 2.0
   12    10     2     1   0.15000  1.0 3.0
   12    10     2     1   0.00000 -1.0 4.0
   12    10     2    15   0.00000  1.0 1.0
   12    10     2    15   0.00000 -1.0 2.0
   12    10     2    15   0.15000  1.0 3.0
   12    10     2    15   0.00000 -1.0 4.0
   12    10     2    16   0.00000  1.0 1.0
   12    10     2    16   0.00000 -1.0 2.0
   12    10     2    16   0.15000  1.0 3.0
   12    10     2    16   0.00000 -1.0 4.0
   13    10     2     1   0.00000  1.0 1.0
   13    10     2     1   0.00000 -1.0 2.0
   13    10     2     1   0.15000  1.0 3.0
   13    10     2     1   0.00000 -1.0 4.0
   13    10     2    15   0.00000  1.0 1.0
   13    10     2    15   0.00000 -1.0 2.0
   13    10     2    15   0.15000  1.0 3.0
   13    10     2    15   0.00000 -1.0 4.0
   13    10     2    16   0.00000  1.0 1.0
   13    10     2    16   0.00000 -1.0 2.0
   13    10     2    16   0.15000  1.0 3.0
   13    10     2    16   0.00000 -1.0 4.0
   10    11    46    47   0.60050  1.0 1.0
   10    11    46    47   0.05600 -1.0 2.0
   10    11    46    47   0.26150  1.0 3.0
   10    11    46    47   0.00000 -1.0 4.0
   10    11    46    48   0.00000  1.0 1.0
   10    11    46    48   0.30150 -1.0 2.0
   10    11    46    48   0.00000  1.0 3.0
   10    11    46    48   0.00000 -1.0 4.0
    3    11    46    47   0.60050  1.0 1.0
    3    11    46    47   0.05600 -1.0 2.0
    3    11    46    47   0.26150  1.0 3.0
    3    11    46    47   0.00000 -1.0 4.0
    3    11    46    48   0.00000  1.0 1.0
    3    11    46    48   0.30150 -1.0 2.0
    3    11    46    48   0.00000  1.0 3.0
    3    11    46    48   0.00000 -1.0 4.0
   14    11    46    47   0.00000  1.0 1.0
   14    11    46    48   0.00000  1.0 1.0
   10    11    -3     1   0.56750  1.0 1.0
   10    11    -3     1  -0.07550 -1.0 2.0
   10    11    -3     1   0.20000  1.0 3.0
   10    11    -3     1   0.00000 -1.0 4.0
   10    11     3     6   0.56750  1.0 1.0
   10    11     3     6  -0.07550 -1.0 2.0
   10    11     3     6   0.20000  1.0 3.0
   10    11     3     6   0.00000 -1.0 4.0
   10    11     3    43  -0.95700  1.0 1.0
   10    11     3    43  -0.18200 -1.0 2.0
   10    11     3    43   0.29450  1.0 3.0
   10    11     3    43   0.00000 -1.0 4.0
   46    11     3     1  -0.95700  1.0 1.0
   46    11     3     1  -0.18200 -1.0 2.0
   46    11     3     1   0.29450  1.0 3.0
   46    11     3     1   0.00000 -1.0 4.0
   46    11     3     6  -0.95700  1.0 1.0
   46    11     3     6  -0.18200 -1.0 2.0
   46    11     3     6   0.29450  1.0 3.0
   46    11     3     6   0.00000 -1.0 4.0
   46    11     3    43   0.11950  1.0 1.0
   46    11     3    43   0.20300 -1.0 2.0
   46    11     3    43  -0.70800  1.0 3.0
   46    11     3    43   0.00000 -1.0 4.0
   14    11     3     1   0.00000  1.0 1.0
   14    11     3     1   0.00000 -1.0 2.0
   14    11     3     1   0.15000  1.0 3.0
   14    11     3     1   0.00000 -1.0 4.0
   14    11     3     6   0.00000  1.0 1.0
   14    11     3     6   0.00000 -1.0 2.0
   14    11     3     6   0.15000  1.0 3.0
   14    11     3     6   0.00000 -1.0 4.0
   14    11     3    43   0.00000  1.0 1.0
   14    11     3    43   0.00000 -1.0 2.0
   14    11     3    43  -0.11250  1.0 3.0
   14    11     3    43   0.00000 -1.0 4.0
   11    46    47    49   0.55300  1.0 1.0
   11    46    47    49   1.25850 -1.0 2.0
   11    46    47    49  -0.23600  1.0 3.0
   11    46    47    49   0.00000 -1.0 4.0
   11    46    47    50   0.00000  1.0 1.0
   11    46    47    51   0.00000  1.0 1.0
   48    46    47    49   0.00000  1.0 1.0
   48    46    47    49   0.30150 -1.0 2.0
   48    46    47    49   0.00000  1.0 3.0
   48    46    47    49   0.00000 -1.0 4.0
   48    46    47    50   0.00000  1.0 1.0
   48    46    47    51   0.00000  1.0 1.0
   46    47    49    52   0.91850  1.0 1.0
   46    47    49    52  -0.00000 -1.0 2.0
   46    47    49    52   0.57950  1.0 3.0
   46    47    49    52   0.00000 -1.0 4.0
   50    47    49    52   0.00000  1.0 1.0
   50    47    49    52   0.00000 -1.0 2.0
   50    47    49    52   0.19450  1.0 3.0
   50    47    49    52   0.00000 -1.0 4.0
   51    47    49    52   0.00000  1.0 1.0
   51    47    49    52   0.00000 -1.0 2.0
   51    47    49    52   0.19450  1.0 3.0
   51    47    49    52   0.00000 -1.0 4.0
    1     4    17    18   0.56750  1.0 1.0
    1     4    17    18  -0.07550 -1.0 2.0
    1     4    17    18   0.20000  1.0 3.0
    1     4    17    18   0.00000 -1.0 4.0
    1     4   -17     7   0.56750  1.0 1.0
    1     4   -17     7  -0.07550 -1.0 2.0
    1     4   -17     7   0.20000  1.0 3.0
    1     4   -17     7   0.00000 -1.0 4.0
    1     4    17    33   0.00000  1.0 1.0
    1     4    17    33   0.00000 -1.0 2.0
    1     4    17    33   0.15000  1.0 3.0
    1     4    17    33   0.00000 -1.0 4.0
   31     4   -17    18   0.56750  1.0 1.0
   31     4   -17    18  -0.07550 -1.0 2.0
   31     4   -17    18   0.20000  1.0 3.0
   31     4   -17    18   0.00000 -1.0 4.0
   31     4    17     7   0.56750  1.0 1.0
   31     4    17     7  -0.07550 -1.0 2.0
   31     4    17     7   0.20000  1.0 3.0
   31     4    17     7   0.00000 -1.0 4.0
   31     4    17    33   0.00000  1.0 1.0
   31     4    17    33   0.00000 -1.0 2.0
   31     4    17    33   0.15000  1.0 3.0
   31     4    17    33   0.00000 -1.0 4.0
   32     4    17    18   0.00000  1.0 1.0
   32     4    17    18   0.00000 -1.0 2.0
   32     4    17    18   0.15000  1.0 3.0
   32     4    17    18   0.00000 -1.0 4.0
   32     4    17     7   0.00000  1.0 1.0
   32     4    17     7   0.00000 -1.0 2.0
   32     4    17     7   0.15000  1.0 3.0
   32     4    17     7   0.00000 -1.0 4.0
   32     4    17    33   0.00000  1.0 1.0
   32     4    17    33   0.00000 -1.0 2.0
   32     4    17    33   0.15000  1.0 3.0
   32     4    17    33   0.00000 -1.0 4.0
    1     4    31    23   0.56750  1.0 1.0
    1     4    31    23  -0.07550 -1.0 2.0
    1     4    31    23   0.20000  1.0 3.0
    1     4    31    23   0.00000 -1.0 4.0
    1     4    31    41   0.00000  1.0 1.0
    1     4    31    41   0.00000 -1.0 2.0
    1     4    31    41   0.15000  1.0 3.0
    1     4    31    41   0.00000 -1.0 4.0
    1     4    31    42   0.00000  1.0 1.0
    1     4    31    42   0.00000 -1.0 2.0
    1     4    31    42   0.15000  1.0 3.0
    1     4    31    42   0.00000 -1.0 4.0
   17     4   -31    23   0.56750  1.0 1.0
   17     4   -31    23  -0.07550 -1.0 2.0
   17     4   -31    23   0.20000  1.0 3.0
   17     4   -31    23   0.00000 -1.0 4.0
   17     4    31    41   0.00000  1.0 1.0
   17     4    31    41   0.00000 -1.0 2.0
   17     4    31    41   0.15000  1.0 3.0
   17     4    31    41   0.00000 -1.0 4.0
   17     4    31    42   0.00000  1.0 1.0
   17     4    31    42   0.00000 -1.0 2.0
   17     4    31    42   0.15000  1.0 3.0
   17     4    31    42   0.00000 -1.0 4.0
   32     4    31    23   0.00000  1.0 1.0
   32     4    31    23   0.00000 -1.0 2.0
   32     4    31    23   0.15000  1.0 3.0
   32     4    31    23   0.00000 -1.0 4.0
   32     4    31    41   0.00000  1.0 1.0
   32     4    31    41   0.00000 -1.0 2.0
   32     4    31    41   0.15000  1.0 3.0
   32     4    31    41   0.00000 -1.0 4.0
   32     4    31    42   0.00000  1.0 1.0
   32     4    31    42   0.00000 -1.0 2.0
   32     4    31    42   0.15000  1.0 3.0
   32     4    31    42   0.00000 -1.0 4.0
   18    17     7     6   0.56750  1.0 1.0
   18    17     7     6  -0.07550 -1.0 2.0
   18    17     7     6   0.20000  1.0 3.0
   18    17     7     6   0.00000 -1.0 4.0
   18    17     7    53   0.86500  1.0 1.0
   18    17     7    53  -0.17500 -1.0 2.0
   18    17     7    53   0.20800  1.0 3.0
   18    17     7    53   0.00000 -1.0 4.0
   18    17     7    34   0.00000  1.0 1.0
   18    17     7    34   0.00000 -1.0 2.0
   18    17     7    34   0.15000  1.0 3.0
   18    17     7    34   0.00000 -1.0 4.0
    4    17    -7     6   0.56750  1.0 1.0
    4    17    -7     6  -0.07550 -1.0 2.0
    4    17    -7     6   0.20000  1.0 3.0
    4    17    -7     6   0.00000 -1.0 4.0
    4    17     7    53   0.86500  1.0 1.0
    4    17     7    53  -0.17500 -1.0 2.0
    4    17     7    53   0.20800  1.0 3.0
    4    17     7    53   0.00000 -1.0 4.0
    4    17     7    34   0.00000  1.0 1.0
    4    17     7    34   0.00000 -1.0 2.0
    4    17     7    34   0.15000  1.0 3.0
    4    17     7    34   0.00000 -1.0 4.0
   33    17     7     6   0.00000  1.0 1.0
   33    17     7     6   0.00000 -1.0 2.0
   33    17     7     6   0.15000  1.0 3.0
   33    17     7     6   0.00000 -1.0 4.0
   33    17     7    53   0.00000  1.0 1.0
   33    17     7    53   0.00000 -1.0 2.0
   33    17     7    53   0.23400  1.0 3.0
   33    17     7    53   0.00000 -1.0 4.0
   33    17     7    34   0.00000  1.0 1.0
   33    17     7    34   0.00000 -1.0 2.0
   33    17     7    34   0.15000  1.0 3.0
   33    17     7    34   0.00000 -1.0 4.0
    6     7    53    54  -0.11600  1.0 1.0
    6     7    53    54  -0.09450 -1.0 2.0
    6     7    53    54   0.21250  1.0 3.0
    6     7    53    54   0.00000 -1.0 4.0
   17     7    53    54  -0.11600  1.0 1.0
   17     7    53    54  -0.09450 -1.0 2.0
   17     7    53    54   0.21250  1.0 3.0
   17     7    53    54   0.00000 -1.0 4.0
   34     7    53    54   0.00000  1.0 1.0
   34     7    53    54   0.00000 -1.0 2.0
   34     7    53    54   0.19450  1.0 3.0
   34     7    53    54   0.00000 -1.0 4.0
   24    27   -21    18  -0.95700  1.0 1.0
   24    27   -21    18  -0.18200 -1.0 2.0
   24    27   -21    18   0.29450  1.0 3.0
   24    27   -21    18   0.00000 -1.0 4.0
   24    27    21    37   0.00000  1.0 1.0
   24    27    21    37   0.00000 -1.0 2.0
   24    27    21    37  -0.11250  1.0 3.0
   24    27    21    37   0.00000 -1.0 4.0
   24    27    21    38   0.00000  1.0 1.0
   24    27    21    38   0.00000 -1.0 2.0
   24    27    21    38  -0.11250  1.0 3.0
   24    27    21    38   0.00000 -1.0 4.0
   35    27    21    18   0.00000  1.0 1.0
   35    27    21    18   0.00000 -1.0 2.0
   35    27    21    18   0.15000  1.0 3.0
   35    27    21    18   0.00000 -1.0 4.0
   35    27    21    37   0.00000  1.0 1.0
   35    27    21    37   0.00000 -1.0 2.0
   35    27    21    37   0.15000  1.0 3.0
   35    27    21    37   0.00000 -1.0 4.0
   35    27    21    38   0.00000  1.0 1.0
   35    27    21    38   0.00000 -1.0 2.0
   35    27    21    38   0.15000  1.0 3.0
   35    27    21    38   0.00000 -1.0 4.0
   36    27    21    18   0.00000  1.0 1.0
   36    27    21    18   0.00000 -1.0 2.0
   36    27    21    18   0.15000  1.0 3.0
   36    27    21    18   0.00000 -1.0 4.0
   36    27    21    37   0.00000  1.0 1.0
   36    27    21    37   0.00000 -1.0 2.0
   36    27    21    37   0.15000  1.0 3.0
   36    27    21    37   0.00000 -1.0 4.0
   36    27    21    38   0.00000  1.0 1.0
   36    27    21    38   0.00000 -1.0 2.0
   36    27    21    38   0.15000  1.0 3.0
   36    27    21    38   0.00000 -1.0 4.0
   19    23   -31     4   0.34400  1.0 1.0
   19    23   -31     4   0.09450 -1.0 2.0
   19    23   -31     4   0.11100  1.0 3.0
   19    23   -31     4   0.00000 -1.0 4.0
   19    23    31    41   0.00000  1.0 1.0
   19    23    31    41   0.00000 -1.0 2.0
   19    23    31    41   0.15000  1.0 3.0
   19    23    31    41   0.00000 -1.0 4.0
   19    23    31    42   0.00000  1.0 1.0
   19    23    31    42   0.00000 -1.0 2.0
   19    23    31    42   0.15000  1.0 3.0
   19    23    31    42   0.00000 -1.0 4.0
   39    23    31     4   0.00000  1.0 1.0
   39    23    31     4   0.00000 -1.0 2.0
   39    23    31     4   0.15000  1.0 3.0
   39    23    31     4   0.00000 -1.0 4.0
   39    23    31    41   0.00000  1.0 1.0
   39    23    31    41   0.00000 -1.0 2.0
   39    23    31    41   0.15000  1.0 3.0
   39    23    31    41   0.00000 -1.0 4.0
   39    23    31    42   0.00000  1.0 1.0
   39    23    31    42   0.00000 -1.0 2.0
   39    23    31    42   0.15000  1.0 3.0
   39    23    31    42   0.00000 -1.0 4.0
   40    23    31     4   0.00000  1.0 1.0
   40    23    31     4   0.00000 -1.0 2.0
   40    23    31     4   0.15000  1.0 3.0
   40    23    31     4   0.00000 -1.0 4.0
   40    23    31    41   0.00000  1.0 1.0
   40    23    31    41   0.00000 -1.0 2.0
   40    23    31    41   0.15000  1.0 3.0
   40    23    31    41   0.00000 -1.0 4.0
   40    23    31    42   0.00000  1.0 1.0
   40    23    31    42   0.00000 -1.0 2.0
   40    23    31    42   0.15000  1.0 3.0
   40    23    31    42   0.00000 -1.0 4.0
IPHI
     3    45    43    44  10.50000 -1.0 2.0
    18    23    19    22   1.10000 -1.0 2.0
    24    25    22    19   1.10000 -1.0 2.0
    22    27    24    26  10.50000 -1.0 2.0
    11    47    46    48  10.50000 -1.0 2.0
END